1.0 0 1
1.1 0 2
1.2 0 3
1.3 0 4
1.4 0 5
1.5 0 6
1.6 0 7
1.7 0 8
1.8 0 9
1.9 0 10
2.11 1 1 2
2.12 1 2 3
2.13 1 3 4
2.14 1 1 5
2.15 1 1 6
2.16 1 2 6
2.17 1 3 6
2.18 1 3 7
2.19 1 4 7
2.20 1 4 8
2.21 1 5 6
2.22 1 6 7
2.23 1 7 8
2.24 1 5 8
2.25 1 6 8
2.26 1 6 9
2.27 1 7 9
2.28 1 7 10
2.29 1 8 10
2.30 1 8 9
2.31 1 9 10
2.32 1 5 10
2.33 1 4 9
2.34 1 3 9
2.35 1 3 10
2.36 1 2 10
2.37 1 1 10
3.11 2 1 2 6
3.12 2 1 5 6
3.13 2 2 3 6
3.14 2 3 6 7
3.15 2 3 4 7
3.16 2 4 7 8
3.17 2 5 6 8
3.18 2 6 8 9
3.19 2 6 7 9
3.20 2 7 9 10
3.21 2 7 8 10
3.22 2 5 8 10
3.23 2 4 8 9
3.24 2 3 4 9
3.25 2 3 9 10
3.26 2 2 3 10
3.27 2 1 2 10
3.28 2 1 5 10
